%YAML:1.0

#--------------------------------------------------------------------------------------------
# Camera Parameters. Adjust them!
#--------------------------------------------------------------------------------------------
File.version: "1.0"

Camera.type: "KannalaBrandt8"

# Left Camera calibration and distortion parameters (OpenCV)
Camera1.fx: 286.661712646484
Camera1.fy: 286.833709716797
Camera1.cx: 418.646301269531
Camera1.cy: 381.726898193359

# Kannala-Brandt distortion parameters
Camera1.k1: -0.00960345380008221
Camera1.k2: 0.0475889593362808
Camera1.k3: -0.0451112315058708
Camera1.k4: 0.00860723294317722

# Right Camera calibration and distortion parameters (OpenCV)
Camera2.fx: 286.378295898438
Camera2.fy: 286.252685546875
Camera2.cx: 413.32470703125
Camera2.cy: 381.432708740234

# Kannala-Brandt distortion parameters
Camera2.k1: -0.0110055804252625
Camera2.k2: 0.0499291494488716
Camera2.k3: -0.0461173094809055
Camera2.k4: 0.00867554266005754
    
# Transformation matrix from right camera to left camera
Stereo.T_c1_c2: !!opencv-matrix
  rows: 4
  cols: 4
  dt: f
  data: [ 0.999984, 0.00037034, 0.00567467, 0.0640005394816399,
         -0.0003498, 0.999993,-0.00362027, -4.82362665934488e-05,
         -0.00567597, 0.00361823, 0.999977, -0.00059640099061653,
          0.0, 0.0, 0.0, 1.0]

# Overlapping area between images (to be updated)
Camera1.overlappingBegin: 0
Camera1.overlappingEnd: 848

Camera2.overlappingBegin: 0
Camera2.overlappingEnd: 848

# Camera resolution
Camera.width: 848
Camera.height: 800

# Camera frames per second 
Camera.fps: 30

# Color order of the images (0: BGR, 1: RGB. It is ignored if images are grayscale)
Camera.RGB: 1

# Close/Far threshold. Baseline times.
Stereo.ThDepth: 40.0

#--------------------------------------------------------------------------------------------
# IMU Parameters
#--------------------------------------------------------------------------------------------

# Transformation from body-frame (imu) to left camera
IMU.T_b_c1: !!opencv-matrix
   rows: 4
   cols: 4
   dt: f
   data: [-0.9999725715327558, 0.007406438241852726, 2.9235908259450567e-05, 0.003866011332235906, 
           -0.007406451316036944, -0.9999450526992023, -0.0074186293406249305, 0.008089572250057497,
           -2.57113182253298e-05, -0.007418642393324263, 0.9999724811633413, 0.005985682961537515,
           0.0, 0.0, 0.0, 1.0]

# Do not insert KFs when recently lost
IMU.InsertKFsWhenLost: 0

# IMU noise
IMU.NoiseGyro: 0.00015780971401174827 # 0.000005148030141 # rad/s^0.5 
IMU.NoiseAcc: 0.001517592015789232 # 0.000066952452471 # m/s^1.5
IMU.GyroWalk: 4.084967625745811e-06 # rad/s^1.5
IMU.AccWalk: 0.00019012034879829824 # m/s^2.5
IMU.Frequency: 200.0

#--------------------------------------------------------------------------------------------
# ORB Parameters
#--------------------------------------------------------------------------------------------

# ORB Extractor: Number of features per image
ORBextractor.nFeatures: 500 # Tested with 1250

# ORB Extractor: Scale factor between levels in the scale pyramid 	
ORBextractor.scaleFactor: 1.2

# ORB Extractor: Number of levels in the scale pyramid	
ORBextractor.nLevels: 8

# ORB Extractor: Fast threshold
# Image is divided in a grid. At each cell FAST are extracted imposing a minimum response.
# Firstly we impose iniThFAST. If no corners are detected we impose a lower value minThFAST
# You can lower these values if your images have low contrast			
ORBextractor.iniThFAST: 15
ORBextractor.minThFAST: 7

#--------------------------------------------------------------------------------------------
# Viewer Parameters
#--------------------------------------------------------------------------------------------
Viewer.KeyFrameSize: 0.05
Viewer.KeyFrameLineWidth: 1.0
Viewer.GraphLineWidth: 0.9
Viewer.PointSize: 2.0
Viewer.CameraSize: 0.08
Viewer.CameraLineWidth: 3.0
Viewer.ViewpointX: 0.0
Viewer.ViewpointY: -0.7
Viewer.ViewpointZ: -3.5
Viewer.ViewpointF: 500.0
Viewer.imageViewScale: 2.0
